36290171722422923323824424825225525425421125525502532502462412362312263424816252527293134
33262551414224228232237242245247250248247422482492522492472442402362322272224814232325262831
30242551213227231235239244246247250246245372462472522492492472432392352313324914212223242628
26212541112231234238242246247247249244242332432452512492512512472432392364425113192021222325
2318254911234237241245248248246248241239302402432502492532542512472442416525312171818192021
19152548102372402442472512492442462382352823624024924825422552522492457625512161616171718
16122557924124424725025325024324423423127232237247247053025325098112141414141415
1210255682442472502522552502412412312262622823424524629752255119411131212121212
1080572472502522551251240238227222272242302422454121197413116111211101099
7604625025325512251238235223218282192262392445141413118151381211109877
43254112472482492492492412242207620118203732242302517888612118101087654
322551124825025025025024022221620366206620622122825181011119141310111087543
21011249252251251250240220213200652466203217226252911131311151412111086543
02552542532522442452442422392282051975650145362201212240255368612121110976431
2492472442412362262242192142096238291712237162541548522423123724224325225501110255254252
2542512492472422312312272222172044638282325328375266216232239244249249255665431255
255253249248243230230225221216203443627232293851662142312372432482472556765421
25425124624523922222221621120555322315122521827405586219226233239238252003443310
412502512452262272222172132014233272513313950652112262332392442422658998765
732512522462242252202152112004233282618323949652102242302362412391649111010988
129255225222722922622221821018746424135465260192219231237241245241610613151414131312
161125532542242262232202162091884744433948535919221822823323724123759514171616161616
1042432472392022031971925146271613118141924406473203209215213242249246391010101111
912372432341921931874844392196526101429516066198204202235243239255678899
254246223229220461754137322710254251249246249252255133340465218655220228223241250251252253253254
24923921322121244433732262152492462442392432442463212834404746212220214235244245246247248248
32492202292201655649423529142255252245250250251823293643511772192272202442532550123
24022919820810747443629221632472442412322382382382496111825333582209200225235236237238239239
25123920621720863584940322512025224823524424324325381321293842209217208235246248249250250251
239226191203127595444342619725124724322623823623624525431019283386206197224235236237238238238
21920712413417853473829201442492442412202352332322392462490816211859089207217217217218218218
18314010111210133282012502482392342312062252232222272312332382452521546765102185184183182182183
19918712513412151433324147254244238233203226224225230234237244253613688484192201201200200199199
2272141601901848272604836261652522452102372352362412462503132434194199111216227227228228228228
243230193204198101897561483624121249208240239241246251111233648207212203232243244245246245245
241228191202196105927864503725131248203239238242246251313243851207212203231242243244244243242
