13151821242119187237248243245246247245249244243241233239230243225554333346810
1114161921191717623925024524624724824524924524424223624123324512554322234579
10121416181615156242252247247248249244248245245244239245237248104322233568
8101214151413146244253249248248248243247245246245242248241251204322223457
781011131211125247255251249248248241244244246247246251245254324322223345
56791091010524902532502472462392422422462482502542491434433223344
455677895251125525024624523623824024524925422544656543333333
334455675253202502452422332352382442502427877654433222
122234565255322502432402292312362432505761011109876543222
1011224550322492422372252272332422508910121312111087643211
0000123451332482402342222232302402501111131416151312108754210
2552552552550123512324723823121821922723825014121616191716141210864210
2552552552550123511324623622821521622423624915121817222018161411975310
25525425325225225225125125224624524623122021071732062202354199161516141311975310
25525425325225225124924824824023824022321120064667521022625324933141314131210975320
2512492462432412372322282252132082086049402831415774223220233236252254345554320254
2542522502492472432402362342202162171996151414453702032342292422446611111010876420
25325124924724423923422922520820320456463627303956732202162302332550677776531255
025525325225124624123623221320820919052423336446076222216230233119988775432
322222542492452412202172192011895447505772203232225238240119161514121198654
4445612532502442212202222061956054586419420923723024224416142219171513119765
22102552482412352261971941944839282124294357202762102162492494455554433
255253252250248240231223212179434430211048112539645919520424024125425501122110
25025024924724623622721820436353319925324725025171942395059225226241243245246248249250251251251
252251250249248238229220205383733191025324825125051636344556224226241243245246248249250251252252
253253252251250240230221205414034201125424925225031330294053223225240242244246248249250252252253
244243241240238227216947430282180245241244242251521233450222223240241243244245246246246246245
234233232231229218108947224221202472352312332302362441515347884224226228230231232233234234234
225224223221220123108936819176250242231228231227233240251110327784222224225226227227228227227226
25025024924824723622621710150463219102542492512452492546132245218220236239241243245246248249250250
000025524423522720764594330197112492512554132044217219235237240242245247250252253255
2512502492482462352262181136056382616501250252041623188222224239242244246248249250251251251
0002552532432352272077569503626147725502417231892212232382402432452482502522542550
444442512442382209319067544332251871515161618634201229230243245247249251253254013
151821252824222062312422372392402402392432372352326022922123425525253222346912
141720232623212072352462412432452462452492432422392312362282413075444457911
