91214171922191320524324424624724724624924524324223924123724112540211112457
8101215171917121852452462482482482462492462452442412432402430254255211112346
7910121416151015624724825024824924624824724624624424624424612550110012245
678101113129136249250252248248245246247246248248249247249100111111234
4568910108116250252253248248244244247246250251252251252211211111223
345678769625225325524724624224124624525125402540433322111222
223445557525425502452442402382452442521323654433222112
1112334464255012432422372342432432534656876654322111
00001223431012412392342302412412536981011109865432210
025525525501124220223923623122623823925381111131312111087543210
255255255255255012312022362332272222362362531013131516151312108754210
25525425425425501232552255123323022421823323425211151418191716141210864310
25525425425425501142542255123022722121523023125112161519211918171412975310
255253252252252252251250251242247241243214209777221321423605511161515151311975420
0255254254255002541246252246248218213207792172182415109162120191916141196421
2532512492472452432402342352182222122135551474360622052292362382493471099876420
254252250248247245241235237216220210211534946425962202227235236248458111110986420
2552532522502482472422342362122142032044541393551537721722522724025504888775431
025525325225024924423523821121220120244403835495175214223224238005998876532
322111253244249220221211213180535149626320122423223224698121514121198754
321002552492382432102091971994238373546486920921821823400510109887654
025425325124924824022623119419146512319181727284972202203220246247254455555431
2532512502482472452362202254917934371052291029506059202231233241249250252253254254254254253
2512492482462442422322152214639283042552532533422425353199230231240248250251252253253253253252
2512502492472462442342162225140272732522502502522531231414261222223232242244246247249250251251251
251251250249248246236218224564228274253250251251251925373858221223232241243245247248250251251252
23823823723623423222290944728141124623823523623423424651719407782216226229231233234236237238238
22822822722622522311390924422732402322292302262262362495830687488217219221223225226227228228
24724624524424224123011521968422722425224925024524525410232749217219228238240242243245246247247247
2532532532522512492392212288354383014425502492482548212547216218227237239242244246248250251252
122221247230236198664940241477254252082025472162172262352382412442472492522540
2332102472302372017154443019121232512243019022122323124024224524725025225401
333221249234241209826656443427188191821271941932062342352412492512522532550122
12151922252925162612382382412412422422462392372352332362312384136543346710
111417212427241524324024024324324424424824223923723423723323822551533233579
101316192224221422424124224424524624524924424223923623923524012550322223468
