79111316181918158250252247248247246245245239242240242239255254310025525501235
6810121315171513725225424925024824624524624224424224524225525421025525525501234
56810111314131172532552512512492462432472432472452472450255210025525500124
456891011119625402532522492462412472452492492502481021000000123
345678988525512542532482442382472462512522532522122110001112
23345566640225525424724223524624725325502554333221111112
11223345541202542462402312452482551325554432211111
000112234312125324423722724324804657776544322110
025525500012331112532412332232402470688101098765432110
255254254254253253254254254255252251252246232223712312402512557888765432110
25525425425425425501230012502362262142342450912111415141311108653210
25525425425425425501232552540249233222210231243010131316171715131210864210
255254254254254255112325425325524723021920722824125510141318201918161311975310
25425325225125125125125025024924223924123121275642102252402532311141514131210975310
25525425425425425500025524624424623621720471214229245277161921191715121086420
25425225125024824824724424323922722222421269584971205222238245246491313121110976420
2552532522502492482472442412362202152162036050426279212228236237254410101099875420
2542522502492472452432382342272082012016345352847638121322222424425234566654320
1255254254253252252248244237217211211199574842597520722323123225451212111110876532
2222345225524822722222321119262577220221823324124181321191715131197543
102552542532522522452402292031971965842322942567220521521624425166666655432
2542522502492472452432352272151864748382213112236526719820023224125425512233221255
25024924724624424123922922020540333119324924725492539495083218233236238241243245247248249250250
25225124924824624424223222320743373322725425321227415253216225240242244246248250251252252253252
2532522512502482462442342252094639332282552551923364749215224239242244246248249251252253253253
25024924724624424123922921978423427163251252252316294144214222239241243245247248249250251251250
2372362342322302282251028867291910254242234236234239252821256778224226229231234235237238238239238
243242241240238236234223103804029175249240241237239251518226577223225228231234236238240241242243
2552552552542532512502402302136351372514560010183136213220235238240242245247249251252254254
251250249248246244242232222100594732199022512504122632211218234236239241243245247249250251251
344432124823922319269523928201911816223518421922423924124324524724925125325512
2333332250242227911955947362718318132025190442222262402412432442462482502522542551
10131619222527241992412412362352342332362306022722623122725425464321112357
91215182124272420112462472412412422402432382322352332362321085421112357
9111417192225221910247248243244244243245241234237235238234025564211011346
81013151820222017924925024524624624524524323723923724023625525442100001246
