6791113151218131442492502502452492332472422452432412491255325410025500134
56891112101512134251252252247250230249244247246244251125522540025525500123
456891091210115252253253248251225249246250249247253102255000000123
3456787108952542552542492512212502482522522502552120100000112
23345658775255025525025021524924925425525413231211100111
1223344556411025024821024825001145443322111111
0111222445412024924620424625024467664433221110
025525525525525525525500255253253251242238432382442531245544433221100
255255254254254254254254255255255253253250240234412352432542457766554332100
255254254253253253253254254255254253252249238231402322412543579988765532100
2552542532532532532532542542552532532522482362274022823925447811111110987643210
255254253253253253253254254255252252250246233223402252372534791312131211108754210
25525425325325325325325525425525225124924523021940221234252371015141514131110864310
2552542542532542542540254025125024724322721541217231251271017161815151311975310
25525425425425525525522551250248246241223211432132282491610181720171614121075320
255254253252252252250252247248238234230225206723076211233242248254991411121110975421
25525325225124924824524724024022622021520966561761772172262342420186888765421
254253251249247245240242232231215206200695140645618621121922924724810445544320
12552542542532522482522422432252162112056252235773212221229239111061098875432
22223406253255236227222217196664170199224231238248111018121513121086543
22111125112462472252132082025850295467208215223235001151098776543
02552532522502492412462312302051895451312262538626919721223723825224825501122211
250249247245243240230235218216543933298024321337445267219221237234242245247249250251252252251
2552542532512502482382442272261974943381710111204349572002272292442392482502522532542552550255
25225125024824624423323922221961413428702500729354361218220237232242244246248250251252252252
24124023923723523222122685814926171024523923523724371322427276222218228231234236238240241242242
2422412392382352332212279387532717102452402382372403918397075221217227230233236238240241242242
24424324324224023912823521721567403022125325224925011162446209211227102231233236238239241242243244
254253253252250248237244227224795039301055025515192750215217233228238241243246248250251253253
2221025524525223623420664514222181711922263419822222423823324324524724925125325501
2222212472542392382127259492926177181425293620322522624023424324524724925125325401
810121517191423131424923223023175224225222562252232232362542525253221112346
811141619221827192122422422432342392372372312362342332454190532112346
81013151821172518193244244245237242238240234238236234245307255321111246
791214161915231618324624624724024523724323724023823624622555254210001235
681013151714201516424724824824324723524523924324023824712554254100001235
