303328141882392282322382432472512522532492512512502462442392332292292421254217171819212427
273025131772402302352402452482512522522472502512502472462412362322332431255115161618202224
2427231215724223323724224724925125225124524825025024724824423923523624420114141516182022
2124201114624423624024524924925125024924224624824924725124724323924024721213131415161719
1820171012524623924324725125025024924723824324624924725425124724324524942312121213141517
1517159115248242246250253250249247244234240244247247125525124825025354411111111121314
121412894250245249252255250248244241230236241246246520253254076510101010101111
101110784252248251254125024624223722623223824424586423498610999899
7876732542512530324924423923422222923524324411976781110810987777
56656302542551424824323623021822523224124414131111111214121010987655
4444632002524724023322721422222923924217151415151516141111976544
222231025325225412402322232177221121923023513131114141616141211976432
10001254254251248250252233223213207657320922222798812121515141210975432
02552542532532492472432382392402192081976451596820621325425425455111211109865421
2552532512492482432392332262252252011884843313947627023423623724624713345443210
2522492462422392342282202112102105343332919273753622262282312422440235655320254
255253250246245239233225216215216190483834253442586622923023124324314467765421
25525324924324123522621720720720849403128202937536322422622723924004468876421
1255251243242236225215204205206483930282230385362222224225237238044710987642
6502492492432302212112132151915143423744516518923223223124324261081115131210987
1010625425525023622721822122520319257565258641932012412402382492461015121419171513121110
98224724723822020719719920147403231283338515921621621522822725132714131312111010
12552472332322211981833235392011312542719276463622002012292402402472233321
3225023423322119617934374021134303718265958571971972272392402473444444
2432422322142137244261517203251243242240243246073838375051210224224232245245246245245245244
00246228228214183443232331672542512482492502733333246482082242242332492502522532542550
22248228228214181493635341890253250249249052727284145205223223232250251253254012
253253241220220205694532302813425224924724624625212122233743203222222230248250251252252253253
251251240218218203765037332914525224824524324124624991012263370213213223242244246247248250251
21621620512011695522614107251243236233230229228231235247249251715517985197216216216216216216216
198198140114111904620841246239232229226224223225228237238240252440687591199199198197197197197
212212200137131108623421148253245237233229227225228230239241245213498191194213213213213212212212
243244233211211195101715646362312225024323923623623724324725282259199200128230232235237239241242
25024923721421319610876615039261662542482442432442472543102340193215216225245247249250251251251
236234222200199147100685342301882542462382362352362392452513163469206207215234236237238238238237
1024422422220517196806754402918825525225125225451119321792002222232312512532551222
