2225292515182825122823223824224624925024724724924724424023523523124122482491211111213141719
2023262314172525423023524024324624925024624624924824524223823823424312482501010101011131517
1821232113162302332372422452472492492452442492482452452402412372452250251999910121316
161820181215202236240245246247249248242242248248246248244245240248225125288889101214
13151716111318323924324724824724924723923924624824725124724824425132532537777891012
11131413101215424224624924924724824523623624524824725425125224825550255776677810
91011119101352462492522502462462422332332422472471255255253262276666678
7899891162492512542522452452392292292402462474231695487655566
566768106251253025324424323622522523724524676659118687655444
344557852542551254242241233221221235243246109910121311998754433
223456750022552412392302172182322422451312121315161312119764332
1123457320325523923622721421422924024515141416181816141210865322
002552552550125025024724824322422121068692122252315551012141312119865321
02552552552542551248250246248243222218207686920922322966612131715141311975421
253251250248245244245232234228229922001955947506620221124724824925111111111087531255
2532512492452402382382192222132122055148372628446069226228230241246255035555431255
254252250246240239240217221211211204494636262944617022522722824124511377765320
0254252247241239241214219208209203484535262944607022422522623924421498876531
1025424924124024421221720620720247443427304460692222232242372432141010987643
54425524724725321722321321521218756484144577219523223223224424910681614131210976
9995252254622322922122522320019562575970200208243241239251255171112211816141211109
777024424425120520819719919643403125273650572092098522222925124725298888887
102542452302292351831833539401916736142837696919320821824424024656665543
25425325124122422423040173283232128255252254518265655561972082362322380112110255
24924824723721921822538332223222254245241242247293535375163222217224245246247248249249249249
25225125023921921922745362425246124924624725151236363954196228222229251252253254254254253253
2512512502392192192285239262523525524724424424525332424284259220213221245247248249250251251251
25225225124021921922860432927247124824524424525101819243957219212219245247248249250251252252
23123123122011911520951291613925124423623423223223724101721407977200226227228228229230230230
20820820813310810310739141254251239233226224223223227231244245252930696882212211211211210210209209
21621621620512812212355261271245238230227225223226229239241250730707187214214215215216216216216
2442462472372172172269460453627134250244239235235237244246255123719782101225228230233236238241243
252251250239219218225102644939301782552492452432442462531132754213206213241243245247249250251251
333248229228234183796453422919103254252252254382034190219212219246249251253255123
33124722822723218584685745332314721139142818119722421822525025225402334
102552452282262311888772594735251562113914179411982222172242472502522540112
