18212427241620192322362482362472432502472482482472432352362372272480253487789101215
1619212422151818235238250238248243250246248248247244237238239230250025337667891113
1416192120141717237241252241249244249244247248248245240241242233251025436556781012
121416181713151624024425424324924424824224524724824624324524623725312553555567810
10121415151214152432460246250244247239243246248247247248249242021354445678
891113121012132462491248250243245236241245248247250252253246242454444567
67810109111124925122502502422432322382432472472542551251564555444455
55678891025125332522492412412292352412462471350887765444344
344566882532553254248240238225231239244246468411109876543333
22334577255132552472382352212282372432467101181313111087654322
111234651230246236233217224234241245912141216151412108754321
00112354232024423423021322123223924411141715181816141210864321
025525525525501255253254251250236225220742102232312376111414161715141210865321
02552542542542532542502492482442442282162116775214222229161011141614141311975321
255254252252250247247241239237230230212200695261762062142442500361110111110975421
253250248245241236234225220216206205574641243349596821922723524024725425535655431255
2552542522502462402392302252202102101905147313955647322223023624224801577765431
25525325124924423623522521621220120153434024334959682162242322382462550688876431
125525325124623723622521420919819951423925334958672142222302362450071010987642
432225324324423422121720720819154523947627019422323123824225276121514131110875
8910128032512372362282312172062036976207213220246252021121172223201714121098
12552532522432292282151921874144312222101631384773202211216231248248388887643
2102552462302302161881833940281817611232937616920120622324024125345555543
24624524324123021321262302618166251251241245171537465559206226227241249249250250250250249248
210255245227227212176423430219925521216234149581912122322322472550122332
2472462452442332142147836292114524924924024225025341928394368217218233243244245246247247247247
2482472462452342152148739312414625025024224224925111323343866216217233242244245246247248248248
2352352352352241091051923526196024324323423323823924325251620507681216226227228230231232233234
2152152152151241019678221372482442312322252242282282332392495941677395213214214215215215215215
23323423423422313012319344322673244244236233235235238242252913487684213223225226228229231232233
24824824724623521621512358463817132542542462432442442482506202563211212229239241243244246247248248
00255255244225224214746053292510912532532522542551125311982172192352452472492512532542550
25525525425324322522421479645731281110125325225125325392430198216218234243246248250252253254255
25425425325224222522321584686134301311225325225125325282329198216217233242245247249251253254254
11102472322302239782177464225221386575171823720622122323624524725025225425501
15172022187107216219230102228842322302312312302285422222421623924924716667891113
