56810111314151612525125224724625024824824324524424224925425310255254254254255255023
45789111213141052532532492482512492492452482462452512542530255255254254254255255012
345678910118525425425024925124824924725024924825225525402552552552552552550012
2345667886425525525224925024724924825225225125402551002552552552550011
123344566540025324924924624824925325425301111100000011
11122334443002542492472432472492540023232211110001
00001112233112552482452402452492553355444332211100
02552552552550011221125524624223724224804577766544322100
25525525525425525525500111025524523823323924706799988765432100
25525425425425425425525501100254242235229236245255791112111110986543210
255254254253253254254255010025525324023122523324325581012141313121198653210
2552542532532532542550110255254252237227221229241254811131615161413119864210
2552542542532542542551222552542532502342232172252392528111418171817151311975310
255254254254254255024325525325124923121921322223625071115201920191714121075310
2552542542532532542550125524924624324022120980211226241255410171619171614121085420
255254252251251250250250251246238232228223203696574208225240247254881313121110875420
2552532512502482472462452442372262182132076454495975209225233242255077887765320
25525425225124924824624524423622221220619956454150668321522323424824923445444321
02552532522512512502502502402262152102026051475671204220228240255099988765431
211112345252238226222214194656169198215231238250981716141311986532
02552542522512502492482472352162021956144353239537020321122624524623344444321
2552542522502492472452432422272071905547302219253755701982152352362502522532550111110
253252250248246244241239237221199494435181171323405563204225227243245247249251252253254254254254
250249247245243240237234232215614135247125311026414967216219235238241243245247249250251251251
25125024824624424223923723421665433623812541723364564216218235237240243245247249250251251251
244244243241239237234231228856035261125224524124224751725467074220223226230233236238241242244244
245244244242240238235232229916438271125224724224224521322436873219222226229232235238240242244244
2522512512492472452432412382207851402410611214253356213215232235237240243245247249250251252
00025525425225124924723020964523522181412112231392002202222372392422442462482502522542550
00025525425325124924723121068553624201513102028362012202212362382412432452482502522532550
679111214151718624622822680692162152145321722022123625024932110001234
710121518212426291952452442362342372362352292342352352473086431111235
7912151720222527185246245238237241240238232236236235247125464310001235
6911141618212324166248247240240244243241235238237236247025343102552552550134
68101215171920221562492482422422462452442382412392382472552533102552552552550124
579111315161819135250250244244249247246240243241240248254252102552552542542550123
