4578911121314101225425324924424825024524524324224912542550255254254254254254255012
34578910111191025425525124524925024724724624525012542550255254254254254255255012
23456788978255025224725024924824824924825212552550255255255255255255255011
22344566766002542482502482482492512512541000002552552552550001
1122334454501255248250246247250254253021111000000001
011112233330125524824924424625000233322211110000
0000001122210024724824124424912455444332211100
2552552552552552550011210024624523724224824677665543321100
255255254254254254255255012125525524424323323924735799887765432100
2552542542542542542542550021253254242240229235245369111111109876543100
255254254253253254254255002125225323923622423224337101413131211109765321255
255254253253253254255010312502512362332202282403710161415151312109754210
2552542542542542542551214124825023322921622423716101816171715141210864210
25525425425425425502416124624823022521222023405102118191917151311975310
2552542532532532542550125322502372392192157920922424725341714161716141211975310
255254254253253253254254255250255244229230209204717921423724425213912141312119865320
2542532512492482472452442442352392242072066259485673214222233254251055666554310
2552532522512492482472472462372422232052046057475571211220231255251156666654320
2552542532522512502492492492382442232032015855465369208217229255251166666654321
100011234250123421521419168606619621922724011510141312109865432
254252250248246244242240239225231203535333312530456919521124223824625325501222210255
2542532512502482462442422402252301994847262418213657652022352302392472492512522542550000255
25425425225124924724524324122523019645412017121326465470227222231240242245247249251252253254255255
25325225024824624424223923722022560393413117719384664225220229239241244246248250251253253253253
2482472462442422392372342318521853322541255253824335221683221231234237239242244246247248249249
243243241240237235231228224828445221224724424123724651232696677216220224227231234237239241242243
254254253252250248246244242225230674535151211614263353223218227237239241244246248250252253254254
254254254252251249247245243226231704835161313712233050223218226236238240243245247249251253254254
22211025425325123624120561482926261822303719923122523324124324424624825025225325501
122211025525424024590198543633183252834392052342292362432442452472482502522532542550
5791214161820221219245236230762232282212222252262397255265321001124
6811131618212325172325124423822923323823123123123124381364310000124
6810131517202223162125224624023323724123423423323324460243102552552550124
579121416182021151925224824223624024423823723623524452550310255255255255255023
5791113141618191317253250244239243247241240238237246325425510255255254254255255023
46891113141516121525325224724124624924324224123924722542550255255254254254254255013
